instance61_nreq1000_nveh20_gamma879
717 72 27 525 1525 1072 291 1717 457 276 1291 820 1457 528 1820 417 1417 600 1600 561 1027 980 1561 283 1980 455 1283 439 1276 1455 954 338 1528 406 1338 32 1439 1406 359 1032 1954 172 434 636 1636 1172 448 625 1625 1448 420 1420 849 1849 558 1558 279 429 1429 1279 768 1768 571 1571 211 1434 749 836 1836 1749 1211 998 648 1648 141 1998 964 77 1964 1 1141 587 1587 541 1359 1001 563 1077 98 1098 1563 1541
54 187 304 1187 631 166 1166 31 1631 896 1896 313 1313 978 1978 95 1095 802 1802 42 1042 295 1295 24 1304 12 258 1024 812 1258 412 1812 55 1055 1412 477 266 1031 1477 490 1490 985 324 1324 1985 427 1427 536 1266 673 1673 1536 464 1464 938 297 1297 148 1012 968 1968 453 1148 703 1703 320 1453 323 1323 652 1652 1320 88 1088 766 730 1730 1766 855 572 1572 846 1846 616 1938 451 1451 989 1989 588 1588 35 1035 1616 1855 1054
230 547 103 1103 337 1337 959 1959 736 440 1440 894 1894 163 1163 404 1404 908 1908 375 1547 1736 742 1230 264 1742 146 475 1475 1264 391 178 1178 1391 842 1146 966 1966 977 779 1842 909 1909 1779 1977 516 306 280 1280 1516 419 1306 236 1419 219 1219 677 1375 1236 950 643 1643 545 1677 1000 277 1950 50 2000 1545 1277 1050
601 654 135 467 1601 84 1654 543 732 1732 1543 613 104 1104 1613 529 1529 354 1354 1084 809 491 1491 1809 813 585 1585 180 1467 1813 724 1135 119 929 1929 1119 511 111 1111 586 1180 1511 47 423 1047 778 1778 888 1586 147 1147 714 1888 711 1711 208 1714 268 1724 226 1208 1423 1226 698 300 1698 1268 358 570 1300 105 1570 1358 128 182 669 1128 1105 154 1669 926 1182 376 798 1376 1926 1798 1154
254 138 747 466 1466 713 1713 1254 81 267 1081 1138 549 87 1087 1549 532 1532 808 1808 316 1316 564 114 1564 288 1288 183 1183 5 1747 1267 299 1005 233 1299 139 743 1139 1233 1743 870 816 740 1114 1816 1870 597 754 1754 1740 1597 161 693 576 51 1051 596 1576 557 1161 1693 741 293 1596 1557 469 1469 310 1741 1293 14 624 1624 216 1014 240 1216 542 1542 25 1310 635 1635 1025 214 1214 1240
204 828 627 106 1204 151 1151 510 1106 1510 733 444 1627 370 1828 186 1186 401 1401 1733 728 408 1408 1728 569 602 1569 86 1086 1602 488 1488 575 774 1774 1575 799 1799 917 1917 188 1188 407 1370 961 1961 501 1501 1407 287 1444 144 192 1287 607 861 1192 1607 1144 882 649 301 1301 1649 1882 260 36 1260 804 1804 1861 307 1036 441 1307 1441 317 881 792 1792 1881 1317
527 720 871 94 1094 312 1720 1527 1312 1871 925 472 623 1623 639 791 1639 878 1878 225 1225 1791 565 973 1973 213 1213 218 1565 215 1218 56 1215 431 1431 232 1056 34 1034 1232 705 82 1082 1705 657 1472 853 1925 803 1853 990 981 1990 722 1803 1657 658 133 1722 253 1133 848 1848 580 1580 1658 202 136 1981 1136 793 840 1840 1253 1793 1202
951 486 814 1951 132 1132 220 984 1814 58 1486 880 1880 1058 327 1327 751 456 1456 524 1984 523 1751 177 1177 1523 29 1220 566 471 1029 1524 805 388 1388 1805 1566 1471 196 387 1196 20 773 1387 647 573 1573 1647 748 599 1773 1020 52 983 1983 1599 712 1052 397 1748 548 1548 708 331 1712 1397 1331 357 1708 710 837 916 1837 583 1710 1357 1916 380 506 1506 1583 1380
533 462 729 325 1729 817 1462 250 1817 709 1709 784 1784 715 1715 685 1685 365 1365 752 1325 409 1409 922 1533 1250 1752 550 838 830 1550 1922 1830 63 1838 531 771 61 1061 1531 546 1771 493 1546 11 1011 414 1063 834 1493 738 1738 1414 1834 134 381 349 719 1719 638 1638 497 1497 8 1349 458 1458 662 1008 73 1381 454 1454 126 1134 1662 1073 241 1241 171 224 1126 157 690 1690 1157 1171 89 956 1224 1089 772 1956 1772
512 913 333 416 1512 1913 675 629 1333 480 1629 1416 83 465 1083 1675 1465 1480 845 887 53 905 1845 702 1887 1905 592 656 1592 249 1656 971 1971 1249 590 247 1590 201 1201 760 1247 62 1062 1760 91 1091 1053 217 1217 364 781 1781 1364 707 479 1479 945 899 1707 946 1899 1945 659 1659 229 1229 862 895 1895 1946 811 389 1389 1811 672 1672 821 1821 263 1702 1862 270 603 1603 1263 1270
284 949 355 883 1355 385 1385 696 1696 884 1884 118 1118 99 1883 933 1099 22 1022 67 1933 825 1067 508 1508 425 1949 278 1825 1284 311 1425 92 1092 1311 175 286 1278 594 608 1594 1175 78 692 1286 1078 193 1692 1608 369 900 1900 1369 810 478 765 1765 744 1744 1478 269 1269 395 44 1044 1395 468 476 1476 1468 1193 682 947 1810 867 1867 1947 1682 256 10 149 70 1070 160 1149 1256 1010 1160
371 611 788 1371 242 769 1769 1242 505 1611 718 1718 987 366 1505 194 1987 265 1265 824 1824 991 1991 678 1194 1678 248 107 1248 13 1013 553 1107 206 1206 394 1553 410 1394 322 1410 868 1322 666 1666 551 1551 1868 285 1285 3 1788 795 1003 85 1795 680 1366 579 1579 1680 794 1085 405 197 1794 618 1405 651 1618 782 1651 1197 436 245 1436 350 1782 988 1245 474 1350 568 1568 1474 1988 336 1336
863 801 962 1801 159 1962 210 1863 314 581 1581 721 1210 255 1314 1159 292 243 1243 530 1292 1721 499 1255 1530 228 504 96 110 1504 764 1096 910 1228 1499 1110 619 1910 860 1860 33 1033 976 1619 308 890 1890 1764 43 1043 591 1591 617 1617 1308 393 745 176 1393 435 1976 927 1927 1176 17 823 1823 309 1017 526 1745 544 1544 806 1806 786 1526 347 1347 1786 885 1435 145 1885 403 1309 335 1335 1403 1145
384 770 332 822 1384 622 1622 298 1298 353 1353 759 1759 23 1023 1822 252 1332 326 9 1009 377 1377 663 1663 19 1019 459 1459 68 1252 679 1679 1068 71 843 1843 695 1071 539 1326 460 1770 1695 1539 535 691 1460 537 483 1483 661 1537 227 1691 902 1902 45 1045 181 1661 898 1181 965 1965 1898 986 891 1891 321 1986 143 1143 221 1221 1227 127 1535 15 1321 975 1015 18 1018 130 1975 1130 1127
686 906 4 1004 344 1906 518 244 1344 131 1686 422 1422 38 1131 140 1518 671 1140 109 1671 689 1689 818 1818 153 1038 725 1109 513 1513 644 1725 231 1644 1153 911 1231 445 1445 970 1970 6 1244 328 1006 699 1911 367 1328 963 1963 831 1699 993 1831 864 1993 190 1190 852 1852 1864 1367 604 90 920 1090 495 1604 1920 873 413 967 1967 939 1413 1495 775 498 1873 1498 538 1939 827 1827 1775 876 932 1538 520 1520 577 1932 941 982 1876 756 1756 1982 1941 1577
739 753 578 484 1484 670 1670 829 1578 152 1753 1739 1829 1152 203 179 195 1203 428 1428 704 48 1048 923 1704 318 1318 655 1195 731 1655 1179 251 1923 621 1731 559 746 1746 1251 912 156 1156 701 1559 124 1701 373 1912 1621 1124 261 515 1261 1373 329 351 1515 303 1303 368 1368 239 1239 562 1562 761 1761 972 1972 1351 39 1329 162 683 443 1162 723 1443 1683 294 1723 517 1517 1294 1039 418 797 343 844 1844 1418 1797 1343
339 46 859 1046 1339 642 430 1642 315 421 1421 185 1859 681 1315 1681 783 777 1777 1783 437 584 1584 1430 1185 113 726 1437 796 1796 1726 74 198 222 1198 1074 115 992 1222 212 1212 97 1115 994 1113 121 1121 16 1992 727 1727 1016 137 1994 931 447 1097 396 1447 1931 879 1396 915 485 1485 567 1567 503 1503 1915 995 1879 560 1560 889 1889 1137 1995
540 996 330 847 1847 1330 552 1552 398 379 1379 496 1496 755 1755 1398 628 1628 903 1903 433 1433 170 1540 763 660 1660 757 1757 28 1028 833 1996 7 1170 1763 489 79 1833 1007 200 1079 1489 122 174 928 1928 633 1174 1200 598 40 1122 363 1363 1633 1040 290 234 1234 630 1630 80 1598 209 1080 893 60 1893 1209 1060 352 1352 449 1290 1449 514 1514 390 66 969 1066 49 1390 1969 1049
653 610 953 1653 470 626 1953 69 1610 762 1626 960 1470 668 1069 687 1762 914 1914 614 1614 684 1687 534 1534 1960 223 1223 1684 155 281 1281 463 1155 164 1164 237 509 1463 877 1877 1509 716 374 1237 1668 360 165 1360 271 1716 1374 340 273 1271 952 1165 302 1302 1273 700 1952 30 1340 942 1942 1030 934 75 1700 386 1386 167 1934 275 1075 634 117 1117 1275 125 632 1632 1125 378 1167 832 1832 37 289 1289 1634 1037 1378 605 665 924 1924 1665 1605
999 612 342 168 1612 1342 667 345 1999 866 1667 100 1345 935 1935 346 1346 1866 706 184 1706 875 1100 1168 815 1184 1875 341 918 372 1372 1918 697 1341 650 856 1815 450 1450 1856 482 1697 839 1650 790 1790 1839 1482 735 426 452 1452 955 807 1807 1955 854 26 1026 758 1854 246 1246 169 1735 1426 442 1758 1169 688 826 1826 734 1734 1688 904 1442 857 664 1664 108 1108 1904 415 1857 789 1789 1415
