instance61_nreq2000_nveh40_gamma1829
1005 3005 674 2674 1134 3134 974 2974 801 2801 1196 3196 520 2520 510 1731 3731 1852 3852 2510 207 860 2860 2207 1496 3496 1693 3693 900 2900 1687 3687 704 2704 1242 3242 507 1284 3284 2507 1985 3985 1853 3853 116 972 2972 2116 1652 291 2291 3652 746 2746 146 2146 1025 3025 103 2103 347 2347 1163 3163 950 2950 76 1143 1945 3945 3143 2076 924 1081 3081 2924 90 1221 744 2744 246 2246 3221 683 2683 2090
1202 3202 605 2605 1581 3581 106 286 817 2817 2286 2106 551 2551 910 2910 1487 3487 1889 3889 1664 3664 202 679 2679 2202 530 793 2793 2530 1443 3443 1220 3220 336 2336 1589 1228 3228 3589 1584 3584 852 2852 1341 3341 310 2310 1264 3264 1129 3129 1463 3463 453 10 2010 2453 427 379 2379 2427 1650 3650 1298 3298 1236 1047 3047 3236 452 1955 3955 2452 1634 3634 82 2082 980 251 2251 1219 3219 2980 578 2578 1623 608 2608 3623 1632 1255 1639 3639 3255 3632 1776 3776 533 2533 1960 992 2992 3960 1710 3710
946 448 2448 2946 1112 3112 637 2637 74 1433 3433 2074 1808 3808 770 733 2733 2770 12 443 2443 2012 1323 3323 22 1633 3633 2022 1166 3166 1288 3288 699 2699 1241 79 519 2519 2079 1004 3004 3241 269 1807 3807 2269 647 1683 3683 2647 1456 3456 1377 1011 623 2623 3011 3377 1755 3755 941 2941 736 2736 575 2575 1486 481 2481 3486 1430 3430 1762 3762 145 2145 988 2988 944 2944 1847 3847 1588 3588 1746 3746 1184 3184 1863 3863 1627 3627 725 2725
1818 3818 68 558 2558 2068 1429 1968 3968 3429 1243 3243 1946 3946 995 2995 420 2420 1415 3415 432 1272 3272 838 2838 2432 1451 3451 1024 1848 3848 3024 655 2655 1900 462 2462 3900 625 2625 678 2678 572 2572 1113 3113 1788 416 2416 3788 13 2013 159 1051 3051 2159 1605 3605 223 570 2570 2223 1344 406 2406 3344 428 2428 168 768 2768 2168 1518 3518 691 2691 62 2062 1988 3988 299 2299 95 2095
376 239 2239 2376 1136 3136 840 2840 1147 3147 603 841 2841 1530 3530 2603 1216 3216 14 2014 165 2165 35 2035 1079 3079 1624 3624 996 2996 1730 3730 644 2644 1752 3752 1962 1217 3217 3962 745 2745 1324 3324 187 2187 591 2591 1369 3369 1479 771 2771 1887 3887 3479 348 2348 1256 3256 611 2611
1531 3531 885 2885 179 2179 1378 3378 1625 72 2072 3625 415 2415 400 2400 20 2020 1218 3218 901 1449 3449 2901 682 2682 565 2565 412 2412 1641 3641 1921 3921 1431 3431 1797 3797 1592 3592 1586 3586 1474 3474 148 2148 1434 1543 3543 3434 960 2960 64 1555 1330 3330 3555 2064 863 1211 3211 1055 3055 2863 811 2811 862 2862 84 2084 969 2969 1923 3923 209 2209 975 2975 766 2766 528 2528 667 1830 3830 879 2879 2667 1703 3703 1884 3884 1176 3176 1961 1383 3383 3961 302 2302
378 2378 154 2154 133 2133 1540 3540 822 126 2126 2822 174 2174 1482 609 2609 3482 1615 3615 614 2614 1928 3928 1041 271 2271 3041 1029 205 2205 3029 880 1071 42 2042 3071 352 52 2052 810 1601 3601 2810 2352 2880 113 1358 112 2112 3358 1643 3643 2113 1073 3073 1052 3052 341 2341 836 2836 964 2964 1417 3417 1171 3171 915 2915 1089 3089 1723 3723 876 2876
267 2267 861 2861 883 2883 1894 3894 191 2191 1002 3002 217 1425 3425 2217 318 1542 3542 2318 1872 3872 409 1677 3677 1342 1385 3385 3342 2409 1875 3875 1413 774 2774 1515 3515 3413 32 2032 1688 3688 1274 3274 715 2715 303 2303 1659 3659 1046 3046 1948 3948 436 2436 1593 3593 397 2397 1996 3996 854 1062 3062 2854 391 2391 491 2491 1726 3726 1990 1512 3512 3990 1065 3065 1690 3690 909 2909
1032 3032 173 2173 2 999 2999 703 2703 2002 1416 3416 1322 573 1192 3192 2573 3322 989 1161 3161 2989 1814 1577 3577 3814 288 2288 243 2243 884 617 2617 2884 948 2948 483 1124 3124 2483 28 2028 606 2606 495 2495 949 2949 1351 651 1460 3460 2651 3351 1296 3296 567 2567 569 2569 892 1727 3727 1519 3519 2892 1733 845 2845 3733 1347 3347 1164 3164 966 2966 1152 3152 253 2253 1115 3115 1578 3578 1411 3411 1570 3570 162 2162 1469 1489 3489 3469
985 2985 1270 394 2394 3270 163 2163 1705 3705 1470 1532 3532 3470 36 333 2333 2036 978 2978 419 2419 1131 3131 1027 3027 118 2118 621 2621 1940 3940 1920 1836 3836 497 2497 3920 1619 3619 388 1395 3395 1101 3101 2388 1028 334 2334 3028 1339 3339 653 2653 357 1787 3787 514 1892 3892 2514 1158 3158 2357 229 2229 790 2790 1719 3719 522 2522 649 1295 3295 59 2059 2649 1056 3056 465 1924 3924 994 2994 2465 1315 3315 212 592 2592 2212
120 2120 1006 3006 777 2777 708 877 1139 3139 2877 2708 1118 3118 1949 3949 87 1299 697 2697 3299 2087 632 2632 1404 3404 1309 102 2102 3309 311 2311 1277 720 2720 3277 501 2501 488 2488 237 137 2137 731 2731 2237 384 2384 1933 25 1546 3546 2025 3933 1580 936 2936 274 2274 3580 1663 3663 826 2826 1209 3209 1665 3665 1999 3999 1325 3325 690 2690 1393 3393
77 2077 1104 1281 3281 3104 1513 1106 3106 3513 1971 1435 3435 3971 1978 3978 958 326 2326 1260 3260 2958 1394 3394 1903 1407 3407 3903 1701 3701 1445 3445 1150 3150 1967 3967 717 2717 1833 3833 282 2282 1506 3506 279 2279 808 2808 1772 3772 349 2349 429 2429 1499 3499 562 410 172 2172 2410 2562 206 775 759 2759 2775 2206 1926 473 2473 287 2287 3926 1616 1498 3498 3616 1447 3447 702 2702 1986 3986 784 2784 1865 3865 979 1786 3786 2979 616 2616 536 2536 597 2597 1969 3969 654 2654
1890 1992 3992 956 2956 1560 3560 1207 579 1991 3991 2579 3207 3890 1328 1261 3261 3328 1779 3779 1759 3759 1035 3035 426 2426 1332 3332 464 2464 1121 3121 538 2538 517 2517 408 2408 78 2078 864 2864 1964 3964 75 2075 449 2449 178 1461 3461 2178 566 2566 155 2155 1215 3215 515 1869 3869 2515 272 2272 1679 3679 1906 3906 648 2648 791 2791 1973 3973 188 2188 1008 3008 240 2240 1864 3864 1905 3905
1185 3185 300 2300 372 2372 1825 442 2442 3825 734 685 2685 2734 1537 3537 479 2479 1982 3982 785 2785 1600 3600 673 2673 88 2088 516 2516 1444 764 2764 3444 906 2906 1944 1018 3018 1857 1883 3883 1919 3919 3857 3944 1007 1816 3816 660 2660 3007 1936 3936 1707 3707 954 2954 143 2143 247 2247 1617 177 2177 3617 658 646 2646 2658 511 2511 641 2641 1911 3911 164 2164 444 2444 747 2747 809 2809 1308 3308 1521 3521 1338 3338 696 2696 1604 1886 3886 3604 873 2873 1552 3552 712 2712 1155 3155
1191 867 2867 3191 1320 837 2837 3320 1706 827 2827 3706 802 2802 2000 307 2307 1952 3952 4000 440 1856 3856 2440 1247 375 2375 3247 1896 3896 1682 1087 354 2354 3087 581 2581 3682 342 2342 1057 923 1640 3640 2923 3057 726 2726 458 2458 1662 3662 1835 3835 976 2976 829 2829 1648 3648 330 2330 1839 3839 1590 3590 1318 3318 1068 211 2211 3068 433 2433 973 2973 1313 3313 1186 818 2818 3186 1579 1595 3595 3579 866 2866 894 2894 1197 3197 156 2156 1934 1085 1702 3702 3085 3934 234 2234 374 2374 80 2080 1747 3747 1841 1181 3181 3841 489 929 2929 2489
828 2828 1594 3594 1697 1442 3442 984 2984 3697 1729 3729 345 2345 1789 3789 46 2046 642 2642 619 2619 1713 3713 337 2337 1230 1827 3827 1874 3874 3230 396 1568 1917 3917 3568 2396 203 2203 1621 1667 3667 3621 1636 3636 1976 3976 762 2762 1403 3403 85 2085 752 2752 1495 158 2158 3495 640 1508 3508 2640 1977 1292 3292 662 2662 115 2115 3977 1080 3080 1333 3333 645 2645 1562 3562 1860 3860 224 2224 1500 3500 1871 3871 1088 3088 233 2233 1669 3669
1935 3935 853 2853 1820 3820 1558 1331 3331 3558 711 899 2899 2711 931 2931 366 370 2370 2366 1 2001 476 1773 3773 2476 834 2834 1353 1420 3420 3353 200 2200 1441 3441 738 1549 3549 2738 1180 3180 1783 3783 47 2047 91 2091 798 2798 369 2369 1743 3743 1193 3193 934 230 2230 2934 737 2737 1912 3912 986 2986 1742 3742 1319 3319 1738 3738 732 2732 1823 3823 904 2904 474 2474 297 2297 773 2773
1925 3925 1613 3613 180 2180 1694 3694 43 2043 1680 1368 3368 3680 748 2748 1768 3768 41 2041 30 2030 1957 3957 490 2490 383 2383 1574 676 2676 3574 186 500 2500 2186 411 2411 401 2401 1656 3656 1993 3993 1233 3233 58 2058 1119 3119 1758 3758 930 2930 1199 3199 470 2470 1151 3151 1279 670 2670 3279
422 2422 226 2226 1834 3834 175 2175 195 2195 1845 3845 1352 3352 139 2139 1210 1190 3190 3210 73 2073 136 2136 1649 3649 1781 3781 199 1608 3608 2199 99 2099 131 2131 722 2722 1868 3868 681 2681 44 804 1204 3204 2804 210 2210 2044 185 2185 677 2677 1517 1365 3365 3517 63 977 2977 2063
61 2061 1043 3043 182 2182 1849 3849 1805 3805 1520 3520 1822 3822 1483 3483 485 2485 882 1535 3535 2882 693 2693 1009 3009 1258 805 2805 1078 3078 3258 1357 3357 371 2371 1477 3477 359 2359 825 502 2502 1317 3317 2825 193 1709 3709 2193 1120 3120 922 2922 897 577 2577 2897 121 2121 1076 3076 1337 3337 1526 3526 252 2252 499 456 2456 101 2101 2499 1450 947 2947 3450 709 2709 1249 1837 3837 3249 534 2534 932 2932 1684 3684 513 1585 3585 2513 324 2324 1790 857 2857 3790 1576 8 2008 3576 913 2913 1794 3794
633 2633 669 2669 675 2675 480 2480 1128 3128 128 2128 1423 331 1316 3316 1304 3304 2331 3423 320 2320 380 584 2584 755 2755 2380 1873 3873 928 1715 3715 2928 1661 3661 1603 3603 292 1777 3777 2292 5 729 2729 2005 381 2381 404 2404 1740 3740 1877 3877 586 2586 1692 3692 423 2423 127 2127 509 355 2355 2509 1421 3421 1673 3673 940 222 2222 2940 1970 3970 1265 3265 824 2824 441 1866 3866 1691 3691 627 756 2756 2627 544 2544 858 2858 2441 661 1898 3898 2661 1862 3862 1981 3981 144 2144 278 166 2166 2278 1105 3105 1870 3870 626 220 2220 902 2902 309 2309 2626 312 2312
760 839 2839 2760 1114 3114 925 2925 1736 3736 1932 3932 1335 3335 152 2152 1030 3030 1859 3859 463 1939 3939 2463 114 2114 1484 3484 1725 1813 3813 3725 268 1831 3831 2268 1893 57 2057 3893 856 526 724 2724 2526 2856 1438 3438 1301 3301 629 2629 1033 3033 1109 3109 1642 1502 3502 1212 3212 3642 34 2034 151 2151 1203 3203 1753 3753 635 2635 1571 3571 620 1748 3748 2620 1095 957 2957 3095 132 194 2194 2132 1049 3049 1175 3175 705 2705 1060 1569 3569 1717 3717 3060 1548 3548 1067 3067
1257 3257 81 2081 1362 3362 1275 3275 847 1929 3929 2847 1785 3785 814 2814 564 2564 1144 3144 1388 3388 1384 3384 794 2794 281 1829 3829 2281 907 2907 147 2147 1539 3539 1054 3054 889 698 2698 2889 832 803 2803 2832 125 2125 1146 3146 680 2680 1135 3135 1511 3511 1370 3370 459 2459 916 2916 15 549 2549 2015 895 1013 3013 2895 981 1956 3956 2981 719 503 361 2361 2503 2719 1491 3491 3 987 2987 2003 628 2628
1371 1700 219 2219 3700 3371 296 2296 754 350 2350 780 2780 1110 3110 2754 1446 3446 850 2850 1156 1223 3223 3156 1188 3188 1564 3564 631 2631 213 2213 1165 3165 245 2245 582 197 1510 3510 2197 2582 831 1017 3017 588 2588 2831 1343 763 2763 3343 141 2141 198 2198 71 2071 1965 3965 789 2789 484 259 2259 2484 214 2214 1391 3391 652 2652 557 2557 955 2955 1638 3638 293 2293 604 2604 250 563 2563 2250 1819 3819 417 2417 643 2643 1268 3268 1591 335 2335 3591 1237 3237 1888 3888
1031 3031 241 2241 1282 1349 3349 3282 1954 3954 97 2097 1522 3522 761 2761 40 2040 739 2739 255 2255 340 2340 1674 1269 689 2689 3269 3674 1771 3771 638 2638 971 2971 276 2276 280 2280 1157 3157 92 2092 1927 3927 228 2228 783 2783 1563 3563 1350 3350 1810 3810 1915 3915 504 2504 328 2328 1037 3037 1075 3075 716 2716 778 2778 779 1657 377 2377 3657 2779 1533 3533
1734 3734 1142 3142 1876 3876 478 2478 1375 3375 60 1792 3792 317 2317 2060 11 192 2192 2011 636 2636 1565 3565 1882 3882 94 1804 3804 2094 1173 232 2232 3173 730 2730 1015 1086 3086 3015 1741 1097 3097 313 2313 3741 445 122 1248 3248 2122 2445 1622 3622 289 2289 1117 3117 665 1938 3938 1177 3177 2665 1770 3770 308 2308 373 2373 553 1492 3492 2553 891 1132 3132 2891 1418 3418 1122 3122 921 2921 196 2196 498 2498 1267 800 2800 3267
215 2215 692 2692 687 2687 265 1547 3547 2265 521 2521 1901 3901 482 2482 870 2870 430 2430 83 1630 3630 2083 1355 3355 266 323 2323 2266 431 2431 104 2104 395 2395 184 542 816 2816 2542 2184 1655 3655 1381 3381 1493 893 2893 3493 1507 55 2055 3507 1398 3398 917 2917 1556 1553 1490 3490 3553 3556 183 2183 639 1802 3802 2639 727 2727 1159 3159 1294 1749 3749 3294 952 1918 3918 2952 938 2938 67 2067 1583 1572 1169 3169 3572 1902 3902 3583 937 2937
1878 3878 189 2189 865 2865 819 2819 624 2624 1803 149 2149 3803 244 1467 3467 2244 1989 3989 1606 634 663 2663 2634 3606 1784 3784 700 2700 1806 3806 751 2751 792 2792 1660 3660 1263 3263 1167 3167 1044 3044 235 2235 694 2694 1040 1645 3645 3040 368 2368 684 1937 3937 2684 1227 3227 1843 3843 1224 3224 66 2066 169 2169 1148 3148 1635 1366 740 2740 3366 3635 4 353 2353 2004 327 2327 389 1019 3019 2389 1198 3198 1234 3234 1280 3280 161 2161 1541 3541 612 1069 3069 1597 3597 1610 3610 2612 392 492 2492 2392 1422 227 2227 3422 399 1846 3846 2399
1213 3213 911 2911 1832 1913 3913 3832 1310 3310 37 2037 273 2273 1480 3480 461 2461 242 2242 256 138 2138 1675 3675 1735 3735 2256 554 295 2295 1775 3775 2554 1016 3016 96 1107 3107 2096 1306 3306 1782 3782 29 2029 343 2343 962 2962 615 2615 706 2706 1266 1042 493 2493 3042 3266 1436 3436 512 1791 3791 2512 1885 3885 1179 3179 918 2918 204 844 2844 2204 1538 3538 547 2547 1178 3178 438 1464 855 2855 3464 2438
258 2258 835 2835 98 2098 1140 3140 772 1251 3251 1307 3307 2772 1133 3133 1472 1250 742 2742 3250 3472 1575 3575 1854 3854 1699 1909 3909 3699 945 2945 382 1855 3855 1373 3373 2382 1205 3205 386 2386 657 2657 1130 3130 1842 3842 1102 3102 1448 3448 329 701 2701 2329 1048 3048 486 2486 571 2571 896 2896 1573 3573 1494 1947 3947 3494 869 261 2261 2869 301 1410 3410 2301 912 2912 1910 3910 284 2284 1405 1452 3452 3405 1503 3503 1311 3311 414 2414 1289 3289 887 2887 1036 3036
16 993 2993 2016 70 2070 967 2967 1821 3821 1314 1704 3704 3314 1997 1100 3100 3997 1891 3891 1287 3287 1721 3721 1728 3728 587 1354 3354 2587 468 2468 1374 3374 541 2541 1090 3090 1708 871 2871 1465 3465 3708 595 1983 3983 2595 1409 176 2176 1545 1108 3108 270 2270 3545 846 2846 552 321 2321 2552 806 2806 3409 1010 1111 3111 3010 1098 3098 1023 3023 249 594 2594 2249 1895 3895 1125 3125 788 2788 735 2735 1984 3984 1457 3457 688 105 2105 2688 469 2469 1745 264 1454 3454 2264 3745 997 2997 1514 3514 1168 1739 3739 3168 872 618 1182 3182 2618 2872 1774 3774
1554 3554 1072 1629 3629 3072 216 903 208 2208 2903 2216 1757 3757 1360 3360 695 2695 898 1737 3737 2898 1372 3372 529 437 1099 3099 2437 1959 3959 2529 56 2056 263 2263 1826 3826 1536 3536 31 387 2387 2031 799 2799 1528 1239 3239 3528 1187 3187 1336 3336 1059 3059 1392 1943 539 2539 3943 1138 3138 3392 290 2290 1651 3651 1793 3793 477 2477 1899 3899 1235 3235 1914 3914 1003 3003 1724 153 2153 3724 1654 3654 424 315 2315 2424 358 2358
305 2305 1611 3611 1637 1931 3931 3637 48 2048 1587 402 2402 3587 356 2356 344 2344 1149 982 2982 3149 1626 718 2718 3626 1285 3285 585 1760 3760 2585 1141 3141 905 2905 589 1222 3222 1208 363 2363 3208 2589 1092 3092 1082 3082 435 2435 150 2150 1386 3386 27 2027 965 2965 1273 3273 1850 3850 1994 3994 1012 3012 1458 3458 93 2093 86 2086 1038 3038 89 1302 3302 2089 1334 3334 721 1534 1995 3995 3534 2721 1476 3476 110 2110
1685 3685 1824 3824 1811 741 2741 3811 1516 656 1897 3897 2656 3516 1567 3567 580 2580 523 2523 107 2107 346 561 1074 3074 2561 2346 1953 1812 3812 3953 1400 3400 362 2362 1867 757 2757 3867 1361 3361 546 1240 3240 2546 1154 830 1303 3303 2830 1022 3022 3154 405 2405 1189 3189 1795 3795 1817 3817 560 2560 1488 3488 1414 3414 1091 1599 3599 943 2943 3091 970 1083 3083 2970 1851 3851 322 2322 1364 3364
351 2351 1064 3064 1880 3880 1061 53 2053 3061 1647 1283 3283 3647 781 2781 535 2535 1473 3473 1566 3566 7 2007 1780 3780 1229 1796 69 2069 3796 3229 1620 3620 753 1950 17 1671 3671 2017 3950 2753 1504 3504 100 2100 1602 3602 1712 3712 1678 3678 1390 3390 776 2776 1412 3412 1286 3286 983 2983 613 262 2262 2613 51 2051
434 2434 576 2576 1432 1459 364 2364 3459 3432 1050 3050 447 2447 451 1618 3618 2451 1387 545 2545 3387 1077 3077 908 1380 1160 3160 3380 248 2248 160 2160 1582 3582 2908 1376 3376 1345 3345 1252 3252 221 2221 218 454 2454 2218 1127 304 1116 314 2314 3116 2304 3127 548 2548 598 2598 787 1225 3225 254 2254 2787 1238 1501 3501 3238 767 2767 842 2842 959 2959 1475 3475 26 2026 457 1485 3485 2457 367 556 2556 2367 1609 3609 1363 3363 390 2390 285 190 2190 2285 1170 298 19 2019 2298 3170 602 2602 167 2167 659 2659 1478 1698 3698 3478 686 2686 1798 3798 1093 3093 421 2421 593 2593 393 878 2878 2393 1262 3262
1246 532 2532 3246 170 2170 743 2743 1916 3916 1524 3524 881 2881 1505 3505 1468 3468 1070 3070 1172 1466 3466 3172 630 2630 1206 3206 1686 21 1026 3026 2021 3686 1293 109 2109 3293 1174 1765 3765 6 2006 3174 797 2797 601 2601 1419 3419 1963 3963 1406 3406 1858 622 2622 596 2596 3858 1305 1714 3714 3305 1907 3907 1987 508 2508 134 2134 3987 1598 3598 914 2914 1096 3096 1975 3975 935 2935
1291 3291 927 1440 3440 2927 1426 3426 294 1321 782 2782 3321 2294 117 2117 1764 1941 3941 3764 1800 54 140 2140 2054 3800 24 2024 332 843 2843 1718 3718 2332 1231 50 942 2942 2050 3231 1382 1455 3455 3382 813 2813 1137 3137 707 2707 505 2505 130 668 2668 2130 1646 3646 1509 3509 1462 3462 339 2339 1761 3761 231 2231 1014 3014 277 49 2049 2277 494 2494 1200 3200 1389 3389 201 2201 527 2527 574 2574 1628 1766 3766 3628 1271 3271 1424 1720 3720 3424
1346 3346 446 1232 991 2991 1550 3550 3232 2446 360 1644 610 2610 3644 2360 487 2487 1653 3653 225 2225 990 2990 450 2450 1428 33 2033 3428 425 18 2018 407 2407 119 1930 3930 2119 2425 1359 472 2472 968 2968 568 2568 3359 306 2306 1958 135 2135 3958 543 2543 1399 3399 129 2129 1974 550 2550 672 2672 3974 807 2807 524 2524 1396 3396 1751 933 2933 3751 1481 749 2749 3481 1397 3397 890 2890
1254 3254 1497 3497 1676 403 2403 3676 418 2418 413 2413 1278 3278 1183 3183 998 1066 3066 2998 650 2650 1244 3244 1348 3348 157 2157 1276 260 2260 3276 439 2439 1356 3356 1881 849 2849 3881 886 275 123 2123 2275 1021 3021 2886 920 2920 460 2460 38 796 2796 2038 714 2714 1716 3716
