instance61_nreq1000_nveh20_gamma879
717 72 27 525 1525 1072 291 1717 457 276 1291 820 1457 528 1820 417 1417 600 1600 561 1027 512 1512 723 1561 503 1503 439 1276 954 1723 338 1528 630 1630 406 1338 1439 445 1406 359 1954 172 1445 434 636 1636 1172 583 448 1448 1583 955 1955 558 1558 913 429 1429 1913 571 1571 211 1434 749 836 1836 1749 98 1211 998 725 1725 1998 924 964 1964 34 1034 797 1797 1924 541 1359 563 1563 1541 1098
608 54 187 1187 631 166 1166 31 1631 427 1427 896 1896 313 1313 978 1978 95 1095 624 1624 469 1469 647 1647 116 1116 645 1645 42 1042 258 1258 412 768 1768 1412 477 266 1031 1477 490 1490 324 1324 536 1266 673 1673 1536 464 1464 938 297 1297 524 1524 453 1453 323 1323 652 1652 88 1088 730 1730 855 1608 572 1572 846 1846 616 1938 883 1883 451 1451 989 1989 588 1588 35 1035 1616 1855 1054
230 547 103 1103 117 1117 337 1337 310 1310 959 1959 736 440 1440 812 1812 894 1894 454 1454 163 1163 404 1404 908 1908 246 1246 375 1547 491 1736 304 1230 480 1491 109 1109 58 1058 306 1306 795 1795 264 1264 391 1391 842 1842 546 1546 11 1011 779 1779 280 1280 801 1801 635 1480 236 1304 677 1375 658 1658 390 1390 271 1236 1635 950 705 1677 545 1705 1000 1271 277 1950 50 1050 2000 1545 1277
601 654 135 467 1601 38 1654 543 732 1732 1543 613 104 1104 1613 878 1878 354 1354 369 275 1275 1369 868 1868 870 1038 585 1585 180 1467 724 1870 1135 119 929 1929 607 1607 12 1119 511 1012 111 1111 807 1807 586 1180 380 1380 1511 47 813 1813 423 1047 778 1778 506 1586 16 1016 714 1714 268 1724 1423 1506 1268 676 105 128 182 1128 1105 154 926 1182 1676 376 798 1376 1926 1798 1154 485 1485
254 138 747 466 1466 713 1713 81 1254 267 1081 946 1946 1138 549 87 1087 1549 532 1532 808 1808 316 1316 564 55 1564 288 1288 183 1183 669 1669 5 1747 1267 999 299 1055 1005 675 233 1299 283 1999 139 1139 1283 475 916 1233 320 1320 816 1675 1475 740 1816 597 1916 754 1754 1740 1597 556 161 576 51 1051 1576 206 1161 825 1206 293 849 1849 1293 238 14 1014 1556 1238 240 542 1542 1825 1240
204 828 627 106 1204 151 1151 510 1106 733 1510 455 1455 444 1627 370 1828 791 1791 186 1186 401 1401 208 1208 728 1733 408 1408 1728 89 1089 86 24 1024 1086 350 1350 917 1917 188 1188 569 1569 407 1370 711 1711 961 1961 501 1501 863 1407 20 1444 144 1020 192 1192 219 1144 882 1863 649 841 1649 579 1882 205 1841 1579 458 1219 260 1260 307 1458 441 1205 866 1866 1307 1441 317 881 1881 1317
527 720 871 741 1741 94 1094 312 1720 126 1527 364 1312 1126 164 1871 925 1164 472 253 1364 623 1623 639 1639 529 1529 965 1965 225 1225 346 1346 493 1493 973 1973 213 1213 215 1215 431 1431 232 1232 165 1165 8 1008 657 1253 202 1472 802 1925 853 1202 1802 1853 803 990 981 1990 125 1803 295 1657 207 1207 971 1971 133 1133 848 1848 136 1981 1125 483 602 1136 1295 793 840 1840 1602 1793 1483
951 486 814 1951 132 1132 327 1327 220 984 1814 1486 141 880 1880 663 1141 751 1663 456 1456 514 1514 792 1984 347 1347 523 1751 177 1177 243 1523 29 1220 566 1792 962 1243 471 1029 805 1962 388 1388 861 1805 36 1566 1471 196 1861 73 1036 809 1809 387 1196 557 722 1387 573 1573 748 1722 124 1124 599 52 1073 1557 712 1599 416 1052 397 1416 910 1712 1748 1397 357 710 837 1837 1710 1357 1910
533 462 729 325 1729 817 1462 250 1817 107 1107 709 1709 410 1410 900 1900 194 1194 715 1715 685 1685 365 1365 752 1325 409 1409 922 1533 1250 1752 178 550 830 1550 909 1922 79 1178 1830 63 1909 531 771 1079 61 1061 1531 1771 414 1063 834 738 1738 1414 1834 134 381 349 719 1719 559 1349 162 1162 1381 468 1134 1559 171 1468 224 157 690 1690 1157 314 1171 956 1224 772 1314 53 1053 1956 1772
49 488 97 1049 629 1629 548 1488 83 1083 845 1097 300 1548 887 905 1845 653 1300 702 1887 939 1905 592 1592 249 1249 590 1939 766 1766 731 1731 247 1590 201 1201 1247 62 1062 91 1091 633 217 1217 1633 781 1781 459 479 1479 945 1459 899 1899 1945 857 659 1659 1857 229 1229 862 827 1827 656 1656 895 1895 811 1811 389 1389 804 1804 672 1672 821 1821 263 1702 1653 1862 270 603 1603 1263 1270
284 949 661 355 1355 385 1385 734 1734 696 1696 884 1884 985 1985 118 1118 99 1099 933 1933 632 1632 67 1067 508 1508 425 1949 278 1284 1661 311 1425 969 1969 92 1092 44 1311 175 286 1278 594 1594 1175 692 980 1044 1286 193 1692 1980 742 114 1114 810 1742 935 1935 478 765 1765 1478 269 1269 395 671 1671 1395 619 1193 682 1619 947 1810 867 1867 1947 66 1682 256 10 149 1149 1256 1010 1066
371 611 788 1371 242 769 1769 1242 743 1611 703 505 1505 987 1987 379 1379 265 1265 824 1824 826 1826 991 1991 891 1891 678 1678 248 1248 13 1013 553 1553 394 1394 322 1322 666 1666 551 1551 285 1285 3 1703 1788 331 1743 648 1003 7 1331 1648 85 680 1680 538 1538 794 1007 693 1085 948 405 1794 618 1693 221 1405 1618 1948 1221 782 436 245 1436 1782 988 1245 474 568 1568 1474 1988 82 1082
159 210 581 1581 1210 148 255 1159 420 292 1292 499 1255 228 1420 1148 504 96 110 1504 1 1096 289 1228 1110 146 1001 1499 33 1033 976 890 1890 43 1043 591 1591 352 1352 617 1617 839 1839 967 1289 393 1967 1146 745 176 1393 435 1976 927 1927 625 1176 17 975 1625 1975 321 1321 823 1823 309 1017 526 1745 544 1544 806 1806 786 1526 147 1147 1786 885 1435 145 1885 403 1309 335 1335 1403 1145
384 770 332 822 1384 622 1622 298 1298 638 1638 353 1353 497 1497 759 1759 23 1023 1822 252 1332 80 1080 326 9 1009 517 1517 665 1665 377 1377 605 1605 19 1019 646 1646 68 1252 71 1068 843 1843 695 1071 539 1326 460 1770 56 1695 1539 535 1460 691 537 1537 227 1691 902 1902 45 1045 181 1181 898 1898 986 1986 121 1121 1227 127 1535 15 1015 18 1056 651 1651 698 1018 130 1130 1127 1698
686 906 4 1004 153 344 1906 518 1153 244 1344 131 1686 422 1422 77 1131 140 1518 1140 644 231 1644 911 1231 970 1970 6 1077 584 1244 328 1006 699 1911 367 1584 983 1328 963 1963 831 1983 1699 993 1831 864 1993 190 1190 852 1852 1864 1367 707 604 90 1090 495 1604 1707 873 415 413 1413 1495 775 498 1873 476 1415 874 1498 1775 1476 1874 876 932 520 1520 577 1932 941 1876 756 1756 1941 1577
739 753 578 484 1484 670 1670 829 1578 152 1753 761 1739 764 1829 1152 203 598 1598 1203 428 1428 704 48 1048 923 1704 318 1318 655 1655 251 1923 746 1746 1251 912 156 1156 1912 261 1764 515 1261 329 1761 351 1515 303 1303 368 1368 179 1179 239 1239 562 1562 39 1039 972 1972 287 1351 373 1329 683 567 1567 443 1443 1683 294 1294 418 1373 343 1287 516 844 1844 1418 1516 977 1343 382 1382 1977
915 339 46 859 1046 1339 642 1915 430 1642 315 333 1333 621 1621 421 1421 185 1859 226 1226 681 1315 32 1032 1681 783 679 1679 777 1777 1783 70 1070 222 437 1430 1185 113 726 1437 1222 212 1212 108 1108 796 1796 465 1726 838 74 1074 115 1838 992 1115 565 1565 994 1113 396 1992 818 1818 137 1994 931 1465 447 1447 1931 879 570 1570 1879 995 982 1995 218 1218 560 1560 643 1137 1982 1643 1396
540 996 330 847 1847 744 1744 1330 552 1552 216 1216 398 784 1784 167 1167 580 1580 496 1496 755 1755 1398 530 1530 799 1799 301 628 1628 1301 727 1727 903 1903 888 1888 433 1433 170 1540 763 660 1660 757 1757 28 1028 833 1996 198 1170 1763 60 489 1833 1198 200 1489 1060 122 174 928 1928 760 1174 1200 214 40 1122 363 1363 1214 1040 290 234 1234 209 893 1893 1209 449 1760 1290 1449 64 1064
610 953 966 1966 718 1718 832 22 1022 1832 470 626 1953 69 1610 762 1626 960 1470 668 1069 687 1762 914 1914 614 1614 684 1687 534 1534 1960 223 1223 1684 155 281 1281 463 1155 237 509 1463 877 1877 1509 716 374 1237 1668 360 160 1360 1716 1160 1374 340 273 952 302 1302 1273 700 1952 30 1340 942 1942 1030 934 75 1700 386 1386 366 1934 259 1075 634 378 1259 37 1634 1366 1037 1378 424 1424
612 774 342 168 1612 662 1342 667 1774 345 1667 100 1345 706 1662 184 1706 875 1100 1168 308 1308 815 1184 1875 341 918 372 1372 1918 697 1341 650 856 1815 450 1450 920 1856 482 1697 1650 1920 790 889 1889 241 1790 587 1482 735 1241 789 1587 426 1789 452 1452 123 1123 854 26 1026 758 1854 169 1735 1426 442 1758 596 1169 688 1688 904 1596 1442 664 787 1664 919 1904 1787 701 1701 1919
