instance61_nreq2000_nveh40_gamma1829
1031 902 945 1144 2902 1046 3031 1288 3144 1704 3704 1124 3124 460 2460 454 2454 174 2174 335 2945 394 3046 1128 3128 1268 3268 981 2981 1085 3085 567 2567 1043 3043 984 2984 172 2172 596 2596 1328 3328 847 3288 1946 3946 513 2513 1315 3315 1435 3435 1583 3583 1147 3147 1096 3096 1104 3104 1648 3648 862 2862 63 2063 1149 3149 1683 3683 1897 3897 184 2184 1423 3423 791 2791 853 2853 694 2694 882 2882 1119 3119 204 2204 2394 2847 2335
1358 1834 1965 970 2970 3834 1300 3300 769 1769 3769 2769 1757 8 2008 827 2827 1427 3757 1966 3966 3427 1591 1845 3845 3591 1768 3768 796 2796 1457 3457 306 3358 1195 3195 1749 3965 571 2571 790 2790 235 1377 3377 25 2235 1787 3787 2025 458 38 2038 2458 346 2346 1351 1092 3092 3351 870 2306 968 2968 1040 3040 337 2337 1566 3566 922 2922 461 2461 386 2386 1892 3892 1595 3595 587 2870 1148 3148 56 2056 869 2869 125 2125 3749 2587
83 230 2230 406 1568 2083 836 236 2236 1359 3568 843 2406 1609 2836 603 2603 2843 691 1546 3609 524 3359 534 2534 77 2524 1521 3521 782 2691 1446 3446 1319 3546 389 2389 477 2077 1747 2782 248 2248 1367 3367 1666 3666 338 3319 58 2058 752 2752 1312 2338 1117 3312 162 2162 1529 3529 842 2842 1151 3151 875 2477 3747 1867 3117 849 2849 240 2240 1408 3408 126 2126 537 2537 1008 3008 1670 3670 942 2875 193 2193 1544 2942 3867 3544
1275 92 1205 3205 1426 3275 952 2092 1576 227 2227 1660 3576 3426 562 2952 807 35 2035 2807 2562 1557 1979 3660 1468 1693 3979 1953 3468 3693 141 3557 46 2046 1080 3953 1052 2141 196 2196 648 2648 602 876 3080 1461 3052 1364 3364 1121 3121 1788 2602 1255 3255 1903 3903 3788 370 2370 974 3461 1301 3301 155 2155 1915 1102 3102 1369 3369 3915 1415 3415 317 130 2130 2317 1932 481 2481 1713 2876 2974 3932 622 247 1686 3686 2247 3713 2622
13 1862 485 517 3862 250 2013 175 2175 645 2517 415 2485 1637 2250 1258 2645 3637 1574 2415 1068 3258 1118 3574 1739 1257 3068 1291 3739 854 2854 349 3118 777 2777 283 2283 608 2608 1975 3975 325 2325 2349 1657 841 3257 1905 3657 215 2215 1347 3347 242 2242 1938 3938 131 2131 704 2704 288 2288 1287 3287 879 3291 1224 2841 1387 3905 514 3224 3387 617 2514 1072 3072 672 1515 3515 111 2672 703 2703 1639 3639 2111 1912 2617 2879 3912
806 998 50 289 2806 2998 555 2289 1998 2050 765 2765 1011 2555 825 3998 1501 1192 3011 1204 2825 833 3192 1875 3204 2833 823 666 2666 1139 3139 929 2823 443 2443 2929 1176 1289 3289 944 2944 3176 1643 3875 108 2108 1290 3501 888 3643 150 2150 1805 3290 450 2450 1431 2888 959 2959 521 305 2521 1193 3805 1864 2305 395 3864 3193 1896 3896 1555 1632 3632 3555 1206 3206 1865 440 3431 832 2395 1342 2832 96 2440 3865 731 2731 2096 3342
1947 413 1414 1141 3141 533 2533 662 3414 1396 3396 1201 1732 3732 3201 1614 2413 1607 3607 3947 1681 3681 887 2887 1050 3050 1126 3126 778 2778 1559 3559 497 2662 183 2183 812 821 3614 2812 699 382 2382 2699 750 2750 738 2738 891 1110 3110 787 2891 772 2772 1523 3523 1565 3565 1422 3422 1024 3024 1439 3439 1978 2787 850 2821 448 2448 51 2051 1123 3123 1818 3818 535 2535 636 2497 1317 3317 1272 3272 3978 737 2737 211 2211 2850 2636
223 532 2532 1662 1891 3891 1434 2223 401 1579 3579 2401 584 214 2214 1101 3101 1253 3253 264 2264 1213 3662 522 2522 1603 3603 536 2584 1636 3213 3434 469 2536 1331 1937 3937 1265 3265 1893 3893 1760 3760 1232 3331 550 3636 1039 3039 1750 3750 661 2661 1302 3302 1538 3538 80 2080 1001 3001 728 2728 815 3232 2550 188 2188 1593 1767 3767 3593 282 2282 1861 2469 561 2815 3861 2561 486 425 159 753 2753 2159 2425 2486 218 856 2856 2218
1835 1067 495 1440 3440 3067 541 1976 2495 1887 3835 3976 3887 519 1075 3075 1617 2519 930 2930 1514 676 2676 1638 3638 614 2614 3514 1923 1746 3746 3923 209 613 2613 2209 5 2005 449 2449 594 2594 1023 3023 542 2542 742 3617 1994 2541 948 2948 3994 1368 1797 3797 3368 1134 3134 1850 3850 1150 886 2886 3150 329 2329 1507 31 2031 3507 261 2261 1714 1679 3679 138 3714 793 2138 1353 3353 2793 526 136 2136 2526 1878 1450 3878 2742 3450
1467 1341 479 957 3467 647 2647 87 2479 2957 86 3341 392 3 2003 570 2086 2087 1330 1135 2392 985 2570 1675 3330 1685 3685 1409 1017 3017 404 2404 1458 3458 760 2985 3675 1010 3409 1026 3026 263 2263 1581 3581 1647 3647 1764 3764 1210 3210 1512 3512 1060 3060 1691 3691 1841 3841 1438 3438 706 2706 379 3135 1183 2379 508 2508 516 2516 1055 3055 971 2971 1939 3939 1871 3871 73 2073 1785 3183 383 2383 3785 1873 3873 1804 3010 2760 3804
917 315 192 2192 148 2148 6 2917 1161 1004 3004 3161 1078 976 2976 275 2275 1107 3078 1371 3107 761 2761 726 2726 1211 3211 1173 3173 1142 3371 205 3142 1634 3634 2205 377 864 2864 1742 2315 190 2377 679 2006 717 2190 621 2621 788 2717 78 2788 1524 2078 1940 3940 119 3742 3524 2679 881 298 2298 1855 3855 21 2021 1172 2119 2881 237 1957 3957 2237 239 1441 2239 1900 580 3172 822 3441 39 2580 2822 1644 3900 1169 3169 3644 2039
673 656 1410 3410 1207 1590 2656 2673 1472 774 2774 3590 1071 803 3207 1696 3472 664 2664 1689 3689 3696 1047 3071 808 2808 1129 3129 1463 2803 1678 3678 530 2530 663 2663 1701 3463 949 2949 1489 3489 451 2451 151 2151 1985 3985 391 3701 685 3047 1316 1646 3646 1731 3316 1115 3115 1403 3403 154 2154 15 2015 201 2201 1970 3970 1425 3425 1996 2391 2685 780 110 2110 3731 1908 3996 257 2257 538 2538 1874 3874 1570 3908 961 2780 3570 2961
1837 1231 145 3837 199 1724 3231 1674 2145 1641 2199 1214 3214 42 3724 1659 3674 1465 3641 373 2042 135 2135 1132 3132 53 2053 203 2203 484 2484 1386 3386 1735 3735 651 2651 290 2290 1547 3547 1986 3986 1125 3125 2373 894 1738 2894 1503 3503 103 2103 748 2748 1774 3738 49 2049 129 2129 213 2213 345 3774 1070 3070 1251 3465 682 2345 687 2682 1935 3935 353 3251 1802 3802 439 2439 925 2925 595 2687 2353 1836 1140 3140 2595 3836 3659
840 1238 1719 3719 1261 3238 1021 2840 1366 1989 3989 3366 140 3261 500 2500 258 1720 3720 784 2784 797 2258 1806 3806 1863 3863 1658 3658 14 2014 180 2180 2797 269 2269 912 1111 3111 231 3021 1493 3493 1455 3455 995 2995 405 2231 745 2140 1877 3877 61 2745 1202 2912 1375 3375 1630 3630 207 2207 1597 3597 1626 2405 1203 3626 356 2356 369 2061 1699 3202 408 3203 1754 3754 923 2923 512 2512 376 2376 564 2564 1672 3672 2408 3699 2369
1664 1868 109 2109 1471 3664 1379 3868 1356 1286 3286 3356 1243 3471 1812 987 3379 1981 3243 271 2271 1100 3100 978 2978 669 2669 1456 3812 907 3981 2987 1105 1459 3105 667 3456 1412 2667 1483 3483 1934 3934 67 2067 655 2655 3412 1709 1406 3459 34 2907 3709 951 3406 2034 1563 490 2490 1727 2951 1365 274 2274 714 3365 1999 3999 2714 1093 1587 3587 3093 234 2234 979 2979 966 3563 488 3727 143 2488 70 2966 1460 189 2189 3460 2070 2143
1081 1292 1360 3081 1329 3329 1654 3654 1303 3303 1665 3665 649 2649 1215 1087 3087 3215 1159 3159 1162 1899 3899 324 2324 333 2333 776 2776 456 3162 221 2221 1972 3972 2456 1152 3152 89 2089 1898 3898 926 1056 3056 2926 906 1209 3209 2906 1079 3292 1058 531 3058 1447 2531 965 2965 3447 1445 3445 1703 895 2895 3703 45 905 2905 1137 3137 1474 3474 1580 2045 1073 3073 3580 1449 3360 692 2692 716 2716 877 2877 414 2414 198 3079 3449 2198
817 1890 946 1066 3066 700 2817 739 3890 1112 3112 1744 3744 1761 3761 381 2946 1307 3307 1428 3428 874 2874 1022 3022 1417 3417 1840 3840 1266 3266 1000 3000 1109 3109 1269 3269 1320 3320 1964 3964 688 2688 1492 3492 900 2900 885 2885 367 2367 435 2435 757 2757 1352 2700 2739 399 2399 955 2381 805 3352 1182 3182 442 2442 341 2341 1885 3885 568 2568 1712 3712 575 2575 1578 3578 1280 3280 1959 3959 1077 3077 1416 3416 936 2936 2805 2955
216 551 487 121 2121 330 2487 40 2216 1721 2551 312 2312 3721 219 1236 2040 99 2330 1584 2219 1541 3541 795 2795 1575 3575 1631 3584 374 3631 1729 3729 1519 2374 547 2547 1756 3756 1036 3036 991 2991 142 3519 920 2920 1518 3518 65 2065 801 2099 2142 24 1526 3526 2024 1053 3053 493 2493 612 2612 1825 972 2972 3825 913 1163 3236 2801 507 1276 3276 783 2507 1097 2783 323 2323 1531 3531 950 2913 3097 1166 3163 1028 3028 3166 2950
1005 563 1842 3842 678 2678 911 2911 635 2635 1736 3736 57 2057 1817 1628 3628 1919 3005 194 3817 1389 2563 690 3919 1921 3921 2194 1984 3984 702 1753 3753 2702 548 292 2548 1082 3082 1888 3888 758 2758 1392 3392 560 2560 1974 3974 364 2364 149 2149 430 2430 107 2292 418 2418 657 2657 2107 357 668 2668 280 2280 426 2690 1074 3389 1376 2426 1020 3020 1478 3478 398 2357 1692 3692 510 3074 1849 2398 2510 527 3376 393 2527 3849 2393
147 1826 1027 3027 1839 2147 134 3839 1530 3530 646 3826 1927 539 2539 1098 2646 1653 2134 3927 1743 1629 3653 3098 1786 557 3786 3743 1604 20 2020 1057 3604 592 3629 244 2557 3057 176 2244 294 2592 1407 591 2591 2294 66 3407 1355 2176 424 2424 1829 2066 3355 1260 3829 1695 171 2171 1533 3533 1239 983 3695 1567 3567 1909 3260 1793 2983 3909 291 2291 1305 705 2705 1551 3551 3305 1782 3782 1208 3208 200 3239 433 2200 1411 3411 3793 2433
434 1295 1138 3138 893 2434 982 1345 3345 1740 2982 3295 1707 3740 711 2711 720 2893 813 2813 419 2419 967 2967 355 2355 1741 3741 120 3707 55 2720 332 2120 1444 2332 1318 1380 2055 1702 3702 351 2351 1671 3671 740 3444 1500 3380 3318 604 2604 1944 303 2303 3944 1061 932 2932 59 3061 273 2273 2059 452 2452 137 855 2855 2137 246 764 2740 3500 428 2246 1041 2764 178 2178 1725 3041 834 2428 3725 241 1971 2834 60 3971 2241 2060
1185 1816 620 3185 1942 2620 455 3942 1281 880 2455 746 2746 1401 3401 1313 3313 3281 1823 3823 1089 3089 1992 3992 474 2474 1339 3339 889 3816 1413 3413 1103 3103 710 1854 3854 2710 340 2340 681 2681 1083 3083 559 2559 1688 3688 471 2471 518 2518 1362 438 2438 543 2543 3362 619 2619 1751 3751 969 2969 511 2511 502 2502 618 2618 1443 3443 331 2331 36 2036 928 2928 773 2773 818 2818 1095 3095 1194 3194 506 2506 919 2919 2880 2889
947 1481 1156 1706 3481 2947 1429 1049 3156 1762 3049 3429 3706 1830 1196 1962 3762 650 3830 3196 1108 186 2186 3108 105 1820 3962 75 2650 505 2105 916 2916 2505 1520 3520 1598 588 2075 1333 3820 964 1592 2588 1925 3592 2964 81 3598 3925 191 3333 2081 1997 1032 3032 1296 3997 924 326 2326 2924 2191 156 1883 1488 3883 1378 2156 362 3378 1642 3488 574 3642 630 2362 396 2574 910 3296 2630 2396 1424 233 1198 2910 556 2556 3198 2233 3424
993 1911 707 798 2798 1244 3244 2993 354 2354 1120 686 2686 581 2581 3120 1335 628 2628 1217 3335 1886 3217 735 2735 549 2549 361 2361 3886 789 2789 727 2727 1179 2707 1419 3179 1157 3911 866 3419 1511 3511 1034 1340 3340 3034 4 1798 3798 2004 1687 779 2779 3687 1770 3770 1090 3090 1263 3263 1958 1146 3146 3958 1848 1906 3906 3848 464 2464 1599 1191 3157 225 3599 1405 3191 741 2741 1656 3656 1794 2866 1615 3615 1062 3062 3405 3794 2225
1436 48 1322 3436 179 2179 3322 499 1045 2048 1171 132 2132 1246 3171 498 3045 2499 999 1550 3550 84 3246 181 2181 1552 3552 1421 3421 1522 3522 697 2697 1218 3218 708 2999 1914 2498 146 2146 436 2436 701 3914 1099 3099 1621 2084 1759 2708 1728 3728 101 2701 482 3759 733 2733 1755 3755 744 2744 1496 2482 253 2101 1357 3357 97 2253 653 3496 1187 3621 1220 2653 2097 33 3187 1901 3901 255 2255 680 3220 2033 1454 358 3454 2680 2358
935 1828 1015 2935 558 3828 1113 3015 445 2445 2558 421 1668 1294 3113 1951 2421 747 2747 1473 3668 1035 3294 19 3951 226 2226 609 3473 432 2019 1796 3035 1248 3248 1180 2432 1586 3796 311 2609 816 2311 1154 3154 615 2816 412 3180 1846 3586 139 2139 1498 3498 839 2839 431 2615 1250 3250 1715 3715 1931 3931 1536 3536 1240 3240 1165 3165 232 2232 582 2582 102 2102 1225 3225 1131 3131 1766 3766 1051 3051 1354 3354 3846 308 2308 2412 2431
540 169 1063 220 2220 3063 1558 2540 26 2169 826 1466 3466 352 2026 1336 2826 3558 1726 1170 3170 3336 1308 3308 934 1807 3807 721 3726 1723 2934 593 2593 1448 3448 1613 2352 1178 3178 2721 1856 3723 601 2601 3856 1391 1373 1025 3025 736 3613 3373 1304 1476 3391 2736 992 3304 153 848 2153 1605 2848 771 2771 1967 3967 3605 1311 3311 1274 2992 1651 3651 1589 1127 3127 3589 933 1610 3476 638 2933 689 3610 52 3274 344 2689 2638 2344 2052
1186 640 1306 1494 3186 2640 940 2940 293 256 3494 1009 3306 1960 3960 475 2475 93 2256 29 2093 1824 2293 3009 1264 552 2029 217 3824 566 2566 1014 3014 1158 3158 802 2802 202 2202 295 2295 1528 2552 79 3528 1943 2217 903 3264 1869 2079 3943 30 2903 411 2411 1037 3869 1771 3771 76 2076 898 2898 72 2072 1285 3285 1800 3037 698 2030 811 7 2811 1827 3827 62 2062 1442 2007 371 2371 1044 3044 763 545 2545 3442 2763 2698 3800
1918 799 318 3918 1184 960 2960 3184 1324 3324 1199 285 2285 3199 1384 3384 480 528 2528 1282 3282 494 2494 1504 3504 71 2071 868 2868 18 2018 2480 956 2956 187 2187 301 447 2447 2301 577 2577 1188 3188 997 2318 400 2997 943 2943 123 2123 901 2799 1247 3247 852 2400 565 2565 468 2901 222 2852 598 277 2468 1395 3395 1618 3618 1571 3571 1509 3509 2598 327 2277 2222 441 2327 1059 977 1133 3133 1174 3174 1655 2977 2441 3655 3059
1930 1278 958 2958 572 1539 3930 762 3278 759 2759 2762 1334 3334 1372 115 3372 47 2115 1949 3949 112 2572 872 3539 677 2677 2872 1545 1716 2047 1677 3677 1860 3860 1254 2112 725 2725 262 3716 467 3545 9 2009 1537 3254 2467 501 2262 1270 3270 1404 3537 1872 2501 1624 1499 3872 1337 3337 3404 1222 3499 309 2309 1602 3624 1190 3190 634 3602 94 1130 3222 1955 3955 1502 2094 3130 629 1167 3502 1622 3622 82 2082 2634 2629 3167
674 520 276 1516 3516 1819 3819 158 2674 1054 2520 2276 1091 380 2380 1164 3054 2000 2158 988 3091 1926 3926 829 3164 1649 2988 1229 4000 1200 3200 1956 3649 641 3229 2829 307 899 2899 1920 3920 2307 781 2781 287 2287 873 1485 2641 1019 3956 693 2693 1374 2873 724 3019 1645 3645 1876 2724 342 2342 861 3374 195 3485 117 3876 1821 2861 245 2117 2195 1752 1143 3821 114 2114 2245 1783 3143 3752 1772 3783 1773 623 2623 3772 3773
1114 729 1177 1475 3114 133 2729 544 2544 1048 3048 819 2819 504 2504 1673 3673 328 2328 954 2954 320 2320 177 2177 1293 3293 871 3475 1325 3177 1995 2133 605 2605 637 2871 1235 3235 1470 3470 1556 2637 1212 3212 384 2384 713 3995 3556 904 2904 766 2766 2713 715 1418 3325 1451 3451 1534 3418 525 2715 1216 3216 1086 962 2962 3086 279 182 2182 1710 3710 1988 2525 297 3534 2279 1226 2297 1765 3988 857 723 2723 2857 3226 3765
1348 1390 1155 3155 1737 1006 3006 3348 1245 457 2457 3245 1527 3390 1122 980 2980 1252 3122 1038 3038 1573 3573 1907 3907 1271 3271 336 2336 43 2043 1833 3833 251 2251 625 2625 1219 3219 996 2996 846 3252 1363 3363 1987 3987 420 2420 470 3527 837 2837 1790 3790 794 2794 1838 3838 2470 124 939 2846 1561 3737 1620 2124 884 3561 908 2884 1076 3620 1273 2939 2908 3076 3273 809 259 1535 2259 2809 3535 754 867 390 2867 2754 2390
1977 173 1601 1941 2173 3977 319 3601 1663 810 2319 302 3663 3941 334 2334 422 462 2302 1852 3852 2810 1866 459 2462 2422 1717 3717 1490 1779 3779 654 2654 1381 3381 915 2459 489 3866 2915 1924 3924 1508 712 3490 496 2712 1297 2489 1484 3484 749 2749 611 2611 1870 3297 1910 3508 1069 3870 1776 3776 1801 3801 859 2859 1153 3910 937 3153 2496 1814 3814 1309 3069 1513 2937 3309 32 1361 3361 3513 2032 1880 1279 1402 3402 3279 3880
16 265 1913 1430 2265 1832 2016 860 3430 1326 3913 1781 3832 437 2860 1916 3326 1323 3781 1667 3667 2437 3323 1917 743 3916 1616 3616 266 2743 1795 1600 3917 407 2407 2266 229 2229 828 1262 3795 44 3600 554 2554 208 2828 914 2914 1623 3262 210 2210 1991 3991 160 2160 1491 3491 1748 3748 730 2730 768 2768 590 2590 1778 3623 838 3778 254 2208 2044 785 1851 2785 2254 2838 3851 1811 770 427 824 2824 3811 858 2770 2427 2858
616 835 1464 2616 1003 3003 12 990 2990 3464 1343 2835 1929 1525 2012 3343 1669 1548 3548 1690 3690 1936 3525 1393 3669 3936 41 3929 37 3393 2041 2037 863 88 927 2927 1857 3857 989 2088 2863 1497 118 2989 804 1990 3990 69 2804 1922 3497 281 2281 600 2069 2118 1588 975 3922 2600 260 2975 1928 3588 1553 3928 224 314 2260 800 2800 660 3553 1758 2660 1983 3983 921 2921 1815 3815 1321 3321 2314 1012 2224 1577 3012 3758 3577
1734 632 152 402 2632 683 2683 1633 3734 844 2844 1661 3633 343 2152 1284 2402 1394 3284 10 3661 1189 2343 3394 23 1612 3189 953 2953 599 2599 1847 3847 104 2104 851 2851 1973 3973 2010 709 2709 28 2028 845 670 2670 2845 1831 3831 350 2350 1228 755 2755 1608 3608 1007 3007 1018 3018 339 3228 1843 2339 1889 3889 3843 814 2814 1569 3569 1256 3256 1350 1013 3013 3350 1338 3338 1763 3763 113 122 2122 2113 1722 3722 3612 2023
1542 1562 1065 1822 3822 3562 3542 423 878 2878 1237 3237 1808 3808 792 2792 1181 3181 1791 3791 492 100 2100 2492 1952 197 2197 3952 1684 476 3684 734 2734 1397 3397 1437 3437 284 2284 1477 2476 473 2473 1902 3902 652 2652 1650 3650 994 2994 751 2751 786 2786 1982 3982 722 2722 1680 3680 3477 1775 3775 144 2144 1585 444 2444 909 2909 1784 3784 579 2579 1894 3065 624 2624 973 2973 429 2429 610 2610 1640 3585 2423 3640 3894
1611 11 633 586 2586 185 2185 675 2011 1969 3969 659 2659 1088 3088 1881 3881 883 2883 643 2643 1116 3116 1564 3564 446 2446 1385 3385 1705 3705 1314 3314 523 2523 1310 3310 1810 3810 576 2576 243 2243 1487 3487 472 2472 304 2304 606 2606 128 2128 2633 3611 2675 1064 300 1510 3510 116 2116 1711 2300 1858 3711 986 397 2397 2986 1532 1968 3064 299 2299 1267 3858 1844 3844 1002 3968 3532 1895 3002 1884 3267 578 3884 3895 2578
1792 696 1730 1094 3094 363 3792 17 2696 1168 3730 1560 3560 410 3168 267 2363 1482 3482 1879 2410 1700 2017 938 2938 359 3879 165 3700 91 2267 268 2268 286 2165 366 2359 1346 2091 22 2022 573 2366 1708 2286 1370 3346 583 2573 1904 3904 529 2583 1453 3453 1853 3370 1635 3708 228 2529 1432 3432 98 2098 865 2865 1420 3420 1549 3549 1016 3016 1242 3242 1506 3506 1780 3780 1789 3789 1945 3945 272 2272 54 3635 3853 2054 2228
