instance61_nreq1000_nveh20_gamma879
813 1813 698 1698 39 1039 843 1843 249 1249 930 1930 634 1634 447 1447 833 1833 310 1310 743 1743 210 1210 24 1024 326 1326 653 1653 485 1485 368 1368 956 1956 915 1915 38 1038 857 1857 475 1475 851 1851 739 1739 665 1665 821 1821 967 1967 312 1312 68 1068 19 1019 69 1069 293 1293 848 1848 436 1436 562 1562 962 1962 661 1661 583 1583 796 1796 726 1726 267 1267 516 1516 358 1358 613 1613
339 1339 807 1807 912 1912 513 1513 534 1534 102 1102 734 1734 409 1409 749 1749 752 1752 20 1020 194 1194 565 1565 738 1738 384 1384 581 1581 982 1982 391 1391 1 1001 290 1290 590 1590 762 1762 786 1786 859 1859 261 1261 497 1497 195 1195 355 1355 45 1045 732 1732 333 1333 363 1363 535 1535 881 1881 374 1374 922 1922 736 1736 498 1498 528 1528 155 1155 351 1351 203 1203 731 1731 568 1568
28 1028 681 1681 992 1992 377 1377 570 1570 256 1256 618 1618 378 1378 691 1691 250 1250 153 1153 688 1688 232 1232 370 1370 999 1999 319 1319 323 1323 147 1147 187 1187 890 1890 469 1469 699 1699 44 1044 342 1342 65 1065 831 1831 179 1179 702 1702 33 1033 406 1406 348 1348 803 1803 977 1977 399 1399 84 1084 7 1007 939 1939 882 1882 223 1223 281 1281 522 1522 928 1928 589 1589 136 1136
344 1344 521 1521 4 1004 356 1356 829 1829 2 1002 151 1151 225 1225 728 1728 530 1530 202 1202 596 1596 238 1238 779 1779 46 1046 754 1754 445 1445 793 1793 79 1079 234 1234 572 1572 467 1467 954 1954 325 1325 352 1352 576 1576 680 1680 92 1092 980 1980 543 1543 285 1285 856 1856 727 1727 695 1695 710 1710 71 1071 741 1741 29 1029 75 1075 844 1844 270 1270 605 1605 556 1556 987 1987
289 1289 268 1268 966 1966 58 1058 157 1157 359 1359 94 1094 396 1396 630 1630 942 1942 453 1453 22 1022 569 1569 111 1111 271 1271 624 1624 969 1969 186 1186 720 1720 599 1599 532 1532 852 1852 148 1148 47 1047 174 1174 748 1748 52 1052 627 1627 146 1146 25 1025 439 1439 133 1133 252 1252 279 1279 428 1428 330 1330 650 1650 678 1678 964 1964 531 1531 218 1218 694 1694 263 1263 334 1334
619 1619 211 1211 480 1480 529 1529 237 1237 390 1390 216 1216 711 1711 403 1403 810 1810 847 1847 349 1349 483 1483 898 1898 315 1315 442 1442 129 1129 765 1765 204 1204 924 1924 908 1908 42 1042 9 1009 626 1626 704 1704 673 1673 493 1493 828 1828 644 1644 584 1584 465 1465 758 1758 537 1537 282 1282 519 1519 128 1128 938 1938 555 1555 112 1112 63 1063 842 1842 450 1450 280 1280 824 1824
527 1527 975 1975 144 1144 296 1296 152 1152 473 1473 573 1573 850 1850 120 1120 321 1321 501 1501 805 1805 423 1423 795 1795 27 1027 845 1845 160 1160 478 1478 949 1949 615 1615 883 1883 162 1162 419 1419 287 1287 582 1582 81 1081 687 1687 788 1788 220 1220 901 1901 909 1909 298 1298 763 1763 998 1998 579 1579 814 1814 167 1167 297 1297 171 1171 663 1663 302 1302 482 1482 811 1811 662 1662
241 1241 127 1127 97 1097 66 1066 362 1362 235 1235 446 1446 448 1448 335 1335 30 1030 632 1632 117 1117 300 1300 888 1888 299 1299 628 1628 98 1098 840 1840 770 1770 957 1957 55 1055 231 1231 648 1648 230 1230 701 1701 50 1050 274 1274 284 1284 83 1083 255 1255 105 1105 614 1614 180 1180 82 1082 131 1131 486 1486 904 1904 488 1488 85 1085 684 1684 305 1305 189 1189 5 1005 931 1931
462 1462 10 1010 332 1332 941 1941 224 1224 782 1782 635 1635 773 1773 514 1514 722 1722 718 1718 13 1013 380 1380 320 1320 260 1260 907 1907 574 1574 53 1053 906 1906 43 1043 116 1116 56 1056 175 1175 729 1729 11 1011 154 1154 910 1910 723 1723 548 1548 756 1756 80 1080 118 1118 660 1660 721 1721 392 1392 272 1272 761 1761 838 1838 336 1336 115 1115 683 1683 591 1591 862 1862 295 1295
608 1608 149 1149 156 1156 913 1913 764 1764 645 1645 452 1452 647 1647 974 1974 471 1471 236 1236 826 1826 740 1740 594 1594 601 1601 903 1903 292 1292 566 1566 781 1781 415 1415 746 1746 510 1510 834 1834 254 1254 122 1122 693 1693 386 1386 669 1669 165 1165 457 1457 444 1444 443 1443 382 1382 76 1076 113 1113 750 1750 603 1603 841 1841 308 1308 923 1923 229 1229 48 1048 656 1656 936 1936
371 1371 602 1602 879 1879 245 1245 327 1327 943 1943 499 1499 14 1014 64 1064 526 1526 885 1885 649 1649 402 1402 177 1177 951 1951 221 1221 791 1791 506 1506 686 1686 515 1515 538 1538 108 1108 823 1823 470 1470 343 1343 51 1051 57 1057 871 1871 927 1927 294 1294 489 1489 62 1062 407 1407 837 1837 735 1735 544 1544 440 1440 867 1867 641 1641 682 1682 520 1520 918 1918 993 1993 474 1474
36 1036 783 1783 745 1745 970 1970 815 1815 395 1395 508 1508 309 1309 226 1226 248 1248 425 1425 388 1388 34 1034 893 1893 870 1870 207 1207 725 1725 557 1557 611 1611 705 1705 35 1035 164 1164 512 1512 49 1049 771 1771 869 1869 413 1413 387 1387 984 1984 347 1347 185 1185 397 1397 995 1995 276 1276 976 1976 716 1716 959 1959 367 1367 978 1978 972 1972 952 1952 609 1609 316 1316 481 1481
717 1717 16 1016 692 1692 577 1577 946 1946 777 1777 106 1106 958 1958 858 1858 802 1802 861 1861 381 1381 772 1772 757 1757 121 1121 651 1651 897 1897 961 1961 953 1953 494 1494 646 1646 426 1426 243 1243 74 1074 637 1637 598 1598 264 1264 990 1990 774 1774 143 1143 561 1561 90 1090 550 1550 317 1317 934 1934 539 1539 373 1373 690 1690 191 1191 418 1418 340 1340 800 1800 604 1604 188 1188
138 1138 595 1595 176 1176 101 1101 713 1713 21 1021 124 1124 558 1558 209 1209 703 1703 107 1107 755 1755 854 1854 965 1965 994 1994 666 1666 199 1199 401 1401 610 1610 212 1212 95 1095 880 1880 60 1060 830 1830 945 1945 479 1479 875 1875 126 1126 458 1458 429 1429 430 1430 269 1269 642 1642 620 1620 141 1141 244 1244 742 1742 706 1706 947 1947 899 1899 213 1213 567 1567 549 1549 104 1104
72 1072 546 1546 877 1877 32 1032 509 1509 636 1636 258 1258 170 1170 208 1208 991 1991 677 1677 921 1921 778 1778 676 1676 733 1733 365 1365 6 1006 724 1724 109 1109 200 1200 507 1507 463 1463 215 1215 311 1311 914 1914 564 1564 449 1449 253 1253 328 1328 671 1671 222 1222 759 1759 496 1496 643 1643 435 1435 753 1753 135 1135 960 1960 140 1140 794 1794 963 1963 920 1920 659 1659 832 1832
864 1864 257 1257 950 1950 338 1338 31 1031 679 1679 12 1012 929 1929 3 1003 354 1354 853 1853 314 1314 886 1886 968 1968 533 1533 775 1775 123 1123 586 1586 747 1747 617 1617 251 1251 789 1789 517 1517 67 1067 971 1971 459 1459 77 1077 658 1658 78 1078 780 1780 286 1286 455 1455 198 1198 916 1916 424 1424 93 1093 925 1925 472 1472 668 1668 839 1839 895 1895 273 1273 855 1855 884 1884
571 1571 835 1835 393 1393 560 1560 876 1876 955 1955 477 1477 119 1119 836 1836 433 1433 652 1652 917 1917 173 1173 86 1086 278 1278 988 1988 150 1150 872 1872 54 1054 997 1997 737 1737 142 1142 15 1015 905 1905 329 1329 633 1633 873 1873 466 1466 820 1820 563 1563 511 1511 239 1239 708 1708 600 1600 357 1357 551 1551 91 1091 552 1552 865 1865 205 1205 61 1061 341 1341 375 1375 181 1181
100 1100 973 1973 587 1587 172 1172 87 1087 70 1070 103 1103 860 1860 145 1145 265 1265 159 1159 337 1337 887 1887 346 1346 585 1585 580 1580 400 1400 492 1492 227 1227 575 1575 675 1675 361 1361 17 1017 612 1612 790 1790 827 1827 935 1935 816 1816 518 1518 132 1132 523 1523 696 1696 190 1190 291 1291 541 1541 184 1184 623 1623 933 1933 89 1089 495 1495 427 1427 288 1288 1000 2000 868 1868
697 1697 130 1130 484 1484 383 1383 421 1421 434 1434 547 1547 137 1137 408 1408 700 1700 350 1350 134 1134 625 1625 178 1178 578 1578 461 1461 911 1911 892 1892 654 1654 797 1797 432 1432 525 1525 420 1420 168 1168 919 1919 689 1689 806 1806 607 1607 182 1182 456 1456 792 1792 183 1183 331 1331 460 1460 303 1303 597 1597 275 1275 266 1266 822 1822 431 1431 306 1306 372 1372 161 1161 657 1657
540 1540 878 1878 192 1192 524 1524 8 1008 438 1438 714 1714 715 1715 818 1818 18 1018 996 1996 891 1891 819 1819 26 1026 23 1023 505 1505 41 1041 767 1767 863 1863 554 1554 246 1246 414 1414 437 1437 37 1037 417 1417 948 1948 983 1983 616 1616 606 1606 360 1360 751 1751 981 1981 817 1817 422 1422 639 1639 801 1801 812 1812 364 1364 670 1670 889 1889 932 1932 622 1622 318 1318
