instance61_nreq1000_nveh20_gamma879
697 1697 972 1972 992 516 1516 1992 294 1294 8 1008 622 913 1913 1622 699 1699 538 1538 589 494 1494 1589 134 1134 1 906 814 1814 1906 1001 539 1539 14 1014 533 1533 881 609 1609 1881 90 1090 25 938 1938 1025 634 203 1203 1634 684 1684 800 952 472 1472 1952 1800 447 1447 390 383 1383 1390
521 1521 707 217 1217 1707 85 820 428 1428 1820 971 1971 1085 231 1231 368 1368 249 1249 448 70 1070 1448 587 1587 643 1643 27 1027 872 1872 705 1705 40 1040 113 418 1418 1113 444 1444 486 706 1706 1486 665 1665 600 1600 52 112 1112 1052 650 1650 363 1363 663 1663 86 49 1049 1086 779 977 691 537 1537 1691 1977 1779 794 1794
649 865 1865 1649 29 1029 64 647 1647 1064 481 106 1106 836 1836 1481 43 1043 957 172 69 1069 362 1362 1172 218 1218 71 1071 493 1493 292 1292 1957 168 508 187 1187 1508 47 1047 215 1215 1168 157 291 1291 456 1456 1157 942 121 1121 396 1396 1942 930 833 550 1550 1833 1930 607 1607 816 1816 714 1714 956 527 1527 1956
525 1525 220 1220 644 1644 245 1245 661 1661 548 1548 917 1917 903 1903 767 74 688 1688 614 1614 1074 21 1021 1767 581 1581 356 969 1969 1356 857 1857 68 1068 272 9 566 1566 520 1520 1009 1272 861 1861 344 958 365 1365 943 1943 1958 1344 63 1063
325 1325 850 847 1847 1850 868 678 1678 1868 577 437 1437 1577 465 1465 628 381 996 1996 1381 803 1803 207 346 1346 76 243 1243 1076 1207 1628 402 1402 79 1079 460 789 1789 1460 222 954 1954 560 1560 1222 796 372 1372 1796 529 541 1541 1529 597 676 1676 1597 285 1285 401 1401 835 302 1302 1835 677 180 1180 24 1024 1677 305 1305 918 1918 738 1738 662 288 1288 1662
452 1452 311 1311 962 1962 652 120 1120 82 287 1287 1082 1652 805 1805 523 1523 660 1660 478 734 1734 1478 671 165 1165 899 669 1669 1899 1671 55 1055 603 1603 501 1501 582 229 1229 440 1440 1582 92 1092 33 1033 7 399 863 1863 1399 388 1388 230 1230 32 1032 909 1909 920 1920 1007 561 246 1246 1561 331 46 1046 1331 562 1562 658 1658 578 1578 686 1686 146 1146 205 1205 564 1564 181 26 692 87 1087 1692 1026 267 1267 1181 763 1763
813 159 1159 878 1878 1813 105 1105 480 690 1690 1480 773 1773 859 1859 625 185 1185 445 1445 1625 797 1797 594 630 1630 48 316 1316 883 1883 547 1547 1048 426 347 1347 1426 1594 870 151 1151 703 1703 512 546 1546 289 1289 54 1054 1512 610 1610 1870 496 4 1004 171 1171 1496 117 1117 558 613 1613 1558 599 1599 507 1507 783 1783 795 1795 11 1011 175 360 415 1415 1360 1175 673 1673 385 624 1624 1385 17 1017 740 232 140 1140 1232 960 1960 1740 275 1275 555 602 1602 1555 694 980 1980 299 1299 103 1103 1694
28 407 10 1010 35 1035 1407 1028 149 860 22 1022 1860 695 726 1726 1695 1149 176 949 1949 1176 513 864 549 1549 1864 1513 997 1997 810 1810 875 1875 337 1337 423 1423 123 143 1143 1123 119 1119 271 1271 189 919 1919 984 1984 832 1832 1189 471 1471 116 771 1771 1116 823 1823 987 1987 221 586 1586 1221 42 328 1328 1042 94 1094 274 670 1670 745 1745 195 1195 1274 723 1723 435 1435 439 681 1681 1439 897 296 1296 1897 759 1759 317 276 1276 1317 904 1904 495 940 1940 235 1235 137 1137 1495 959 1959 683 1683 834 1834 352 1352 704 1704
320 1320 879 1879 6 1006 164 1164 534 567 1567 324 1324 1534 777 1777 420 1420 409 1409 511 1511 278 1278 764 1764 617 470 1470 880 1880 1617 924 290 1290 1924 975 1975 342 142 1142 1342 427 1427 459 334 298 1298 1334 1459 78 255 1255 1078 450 1450 128 335 1335 631 118 1118 1631 1128 443 1443 780 473 1473 1780 654 1654 966 191 1191 1966 530 1530 138 1138 213 1213 209 1209 510 1510 545 1545 136 651 1651 1136 927 1927
612 1612 339 1339 359 1359 595 19 1019 153 929 1929 72 1072 1153 914 1914 1595 484 1484 327 341 1341 269 1269 1327 429 1429 948 321 1321 679 1679 1948 16 1016 752 1752 708 150 1150 1708 216 1216 659 1659 682 1682 772 319 1319 1772 358 1358 885 1885 173 1173 306 1306 739 1739 701 967 1967 130 3 1003 1130 1701 403 170 1170 1403 336 97 1097 1336 737 806 1806 1737 198 601 1601 1198 386 80 1080 1386
717 1717 224 84 414 1414 1084 1224 916 475 467 830 1830 981 1981 1467 1475 1916 819 1819 515 1515 639 303 1303 1639 970 1970 400 234 1234 1400 838 1838 413 563 1563 91 1091 1413 477 1477 627 540 1540 1627 98 1098 837 436 380 1380 1436 1837 573 1573 953 1953 361 702 1702 1361 993 1993
408 1408 210 1210 998 155 1155 1998 101 1101 596 888 1888 1596 923 524 1524 1923 635 498 1498 1635 31 1031 266 1266 225 1225 749 211 1211 1749 910 1910 425 1425 56 1056 238 354 1354 1238 543 384 351 1351 1384 1543 675 248 1248 1675 461 1461 893 1893 928 364 1364 1928 748 623 237 393 1393 1237 1623 1748 781 1781 758 1758 514 1514 716 357 528 1528 434 1434 1357 887 922 1922 1887 1716
102 279 132 1132 1279 108 1108 982 1982 1102 869 81 1081 611 1611 1869 842 606 1606 1842 648 83 1083 988 295 1295 1988 839 1839 1648 843 1843 310 1310 921 743 462 1462 1743 552 1552 1921 199 729 1729 1199 710 848 1848 1710 300 1300 60 1060 256 1256 770 1770 378 250 1250 742 1742 1378 406 1406 391 20 1020 531 1531 160 852 1852 1160 1391 284 127 1127 1284 200 1200 536 1536 251 196 1196 1251 432 23 1023 1432 66 941 1941 1066 963 1963
156 373 608 1608 978 1978 1373 1156 438 1438 152 1152 433 1433 419 1419 907 1907 933 1933 632 1632 208 1208 725 1725 526 109 265 1265 111 1111 147 1147 826 1826 30 1030 1109 1526 350 1350 755 1755 506 1506 182 911 1911 1182 871 1871 994 1994 93 722 1722 1093 44 519 1519 1044 747 1747 821 1821 38 1038 517 636 1636 1517 637 1637 616 1616 100 713 1713 1100 822 1822 898 1898 370 1370 774 286 1286 1774 239 183 1183 1239 424 282 1282 1424 190 1190 308 1308 522 227 1227 1522 876 1876 431 1431 886 1886 51 1051 67 1067 62 1062
497 1497 951 829 1829 570 1570 1951 226 1226 645 1645 41 1041 375 1375 576 741 1741 1576 314 1314 45 735 1735 1045 257 961 1961 535 1535 782 1782 1257 154 696 1696 204 1204 1154 382 13 1013 827 1827 1382 115 680 1680 877 1877 1115 786 1786 446 1446 935 1935 53 1053 65 1065 568 241 1241 1568 387 505 1505 1387 884 1884 802 1802 263 1263 753 1753 417 1417 223 1223 61 1061
39 1039 509 1509 653 1653 925 1925 37 457 1457 1037 162 890 1890 174 1174 1162 455 281 867 964 1964 1867 1281 1455 974 811 1811 1974 808 1808 788 1788 626 1626 851 807 1807 765 1765 1851 158 746 1746 939 355 1355 1939 1158 882 1882 812 1812 50 1050
260 750 1750 1260 421 1421 574 905 1905 856 656 1656 1856 1574 167 1167 845 1845 145 793 569 1569 853 1853 1793 1145 557 858 1858 1557 161 1161 125 1125 778 840 309 1309 1840 1778 315 751 1751 1315 732 1732 775 565 1565 1775 889 1889 554 1554 464 144 1144 1464 873 945 1945 1873 571 135 1135 1571 757 1757 252 1252 721 148 1148 1721 657 1657 488 1488 641 192 1192 1641 817 991 1991 1817 124 1124 591 1591 280 556 844 1844 483 1483 1556 1280 236 1236 343 1343 36 1036 731 1731 491 1491
2 367 1367 1002 277 466 1466 736 1736 1277 936 1936 689 1689 968 955 1955 1968 718 727 1727 1718 322 1322 854 724 1724 1854 828 1828 995 1995 915 618 1618 1915 698 1698 122 756 129 1129 1756 1122 790 1790 801 1801 474 312 1312 1474 792 1792 340 1340 15 934 1934 1015 551 1551 186 1186 818 728 1728 1818 442 585 1585 1442 219 1219 177 1177 973 268 1268 178 1178 1973
332 999 1999 104 1104 1332 544 965 1965 931 485 1485 1931 1544 482 1482 184 1184 374 1374 580 12 1012 1580 711 1711 620 323 1323 458 1458 1620 619 1619 575 264 1264 901 1901 1575 202 1202 114 1114 761 912 1912 1761 449 57 1057 89 1089 1449 642 754 1754 668 1668 1642 579 75 1075 330 1330 1579 273 1273 107 1107 499 1499 244 1244 720 687 1687 1720
666 1666 733 1733 338 1338 58 179 1179 950 1950 1058 212 1212 990 1990 715 1715 18 416 1416 1018 34 1034 371 1371 700 947 976 1976 1947 518 1518 1700 791 1791 492 395 1395 1492 946 1946 133 297 1297 1133 584 1584 329 815 1815 1329 141 1141 258 1258 598 453 1453 1598 77 1077 983 270 1270 489 1489 1983 318 1318 126 1126 615 1615 333 892 1892 1333 253 5 261 1261 572 1572 1005 1253 430 422 1422 1430 131 1131 392 254 1254 1392 469 1469 841 1841 895 1895 862 762 1762 1862 605 377 1377 1605 326 1326 348 463 1463 1348 583 1583
